structure(c(0.00115068094597182, -0.00160476157821064, -0.000301745036062448, 
-0.000662455420004784, -0.000505895229646377, -0.00175502174203282, 
-3.64878318843975e-05, -0.000436979334409231, -0.000792392715722705, 
0.00063910980948206, 0, 0, 0, 0, 0, 0, 0, 0, 0, 0, 0, 0, 0, 0, 
0, 0, 0, 0, 0, 0, 1.04090167047468e-07, -1.23055807947573e-07, 
-1.54888241362821e-08, -6.57664537841655e-08, -5.07558235130475e-08, 
-1.08187820173657e-07, -1.05635122396532e-08, -6.97079475085226e-08, 
-1.11653742961336e-07, 9.90690579424087e-08, 9.27949086076966e-19, 
9.33471189568262e-19, 1.6835681375902e-23, 4.02376993804402e-19, 
1.90908208962041e-19, 3.84661648076609e-19, -8.62997027328736e-20, 
-5.0507044127706e-23, 0, 2.60346976796948e-19, 0.00136710760782055, 
0.00276174917627922, -0.00398329056660621, 0.00276166424025759, 
0.00276174917621899, -0.000754618623295425, -0.00136709606985501, 
-0.0027614598674967, 0.00398287329446106, -0.00276137494037262, 
-0.00276145986748006, 0.000754539572710533, -0.00160476157822145, 
0.00578711246129976, 0.00230861295158088, 0.00116011253436826, 
0.000917023478456148, 0.00825275592388136, -0.00128897666255115, 
-0.00133189169338668, -0.00103327909142572, 0.00148525297295238, 
0, 0, 0, 0, 0, 0, 0, 0, 0, 0, 0, 0, 0, 0, 0, 0, 0, 0, 0, 0, -1.23055807948546e-07, 
1.4547706377416e-07, 1.83109492693575e-08, 7.77493622680466e-08, 
6.0003735680889e-08, 1.27900069710806e-07, 1.24882260288257e-08, 
8.24090117674839e-08, 1.31997497365253e-07, -1.17119832868411e-07, 
3.86485431077109e-19, 1.43865282333571e-18, 6.44483201205302e-20, 
8.79631383485369e-19, 5.68979659593975e-19, 9.24668097932367e-19, 
2.66952712545787e-19, 7.07218920539975e-19, 1.12469305339899e-20, 
-9.26073964249115e-19, -0.00872426741892034, -0.0129608307908541, 
0.0119633500688154, -0.0129605524499907, -0.012960830790847, 
-0.00636200290886548, 0.00872352432981898, 0.0129594730709666, 
-0.01196209684059, 0.0129591947592429, 0.0129594730709264, 0.00636133645327515, 
-0.0003017450360639, 0.00230861295157605, 0.00108328186235193, 
0.000299017434754693, 0.000244849082076063, 0.00354877953671272, 
-0.000703101449770636, -0.00091890962567235, -0.000930943144324045, 
0.00109782914864823, 0, 0, 0, 0, 0, 0, 0, 0, 0, 0, 0, 0, 0, 0, 
0, 0, 0, 0, 0, 0, -1.54888241355888e-08, 1.83109492686285e-08, 
2.30476787500123e-09, 9.7861792864585e-09, 7.55256761087044e-09, 
1.60985630803626e-08, 1.57187165678599e-09, 1.03726814014945e-08, 
1.66142992931981e-08, -1.47416731020936e-08, -1.70038316643575e-19, 
-1.39434134534854e-19, -4.62764850434289e-24, -6.1934133757873e-20, 
-7.77498937962155e-20, -5.38935944815772e-20, -8.52736789895263e-20, 
-1.54563460045052e-21, 0, 1.54986118608449e-19, -0.00398304593784751, 
-0.00556739808431546, 0.00445698437284035, -0.00556735556144442, 
-0.005567398084315, -0.0037519452673063, 0.00398265636414293, 
0.00556681486804859, -0.0044565174786521, 0.00556677234962896, 
0.00556681486803931, 0.00375155222992695, -0.000662455419991599, 
0.00116011253436576, 0.000299017434761931, 0.00045290694722265, 
0.000353477255174869, 0.00128686207684978, -7.64401065056057e-05, 
0.00026035318931559, 0.000517228946557803, -0.000411580682891092, 
0, 0, 0, 0, 0, 0, 0, 0, 0, 0, 0, 0, 0, 0, 0, 0, 0, 0, 0, 0, -6.57664537824773e-08, 
7.77493622662981e-08, 9.78617928650695e-09, 4.15526899987159e-08, 
3.20686440992376e-08, 6.83554410288182e-08, 6.67425905072998e-09, 
4.40430123049854e-08, 7.05452871718412e-08, -6.25940067661807e-08, 
5.37425749951122e-19, 9.31466240027285e-19, 4.96948710456913e-20, 
5.36958073429188e-19, 2.80053424833852e-19, 9.26600465643643e-19, 
2.1901800392987e-19, -1.51517500328895e-19, -7.7542221253273e-23, 
-6.62714593941098e-19, -0.00155293822353891, -0.00254852334849709, 
0.00210046910070576, -0.00254840671605741, -0.00254852334852701, 
0.000893108386507626, 0.00155285676120101, 0.00254825637637216, 
-0.00210024906475138, 0.00254813975613908, 0.00254825637637212, 
-0.000893014828357192, -0.000505895229642959, 0.000917023478439997, 
0.000244849082071567, 0.000353477255176266, 0.000276570213708359, 
0.00102266855659885, -7.09318170247743e-05, 0.000195516139657939, 
0.000396446423091911, -0.00031352673090574, 0, 0, 0, 0, 0, 0, 
0, 0, 0, 0, 0, 0, 0, 0, 0, 0, 0, 0, 0, 0, -5.07558235126437e-08, 
6.00037356803621e-08, 7.5525676111219e-09, 3.2068644099581e-08, 
2.4749250515545e-08, 5.27538965753292e-08, 5.15091653811774e-09, 
3.39905716508204e-08, 5.44439290762298e-08, -4.83074603791089e-08, 
4.58421075411844e-19, 7.89004134230643e-19, -2.05870302235597e-21, 
4.89295419834465e-19, 2.81957568255623e-19, 6.05614207568484e-19, 
1.8682936624971e-19, -1.29218753158239e-19, -6.61430689913565e-23, 
-6.06986676250054e-19, -0.00127662136808568, -0.00206097010283928, 
0.00159871343187788, -0.00206087794428801, -0.00206097010287007, 
0.00071160803685722, 0.00127655016656295, 0.00206075420463642, 
-0.0015985459576556, 0.00206066205571021, 0.00206075420463664, 
-0.000711533491915905, -0.00175502174192343, 0.008252755923574, 
0.00354877953661029, 0.00128686207676037, 0.00102266855655591, 
0.0123887730273119, -0.00211971446645693, -0.00278077146632061, 
-0.00268980639502736, 0.00331016587761644, 0, 0, 0, 0, 0, 0, 
0, 0, 0, 0, 0, 0, 0, 0, 0, 0, 0, 0, 0, 0, -1.08187820160935e-07, 
1.27900069698275e-07, 1.6098563078887e-08, 6.83554410229732e-08, 
5.27538965700661e-08, 1.12446783059448e-07, 1.09793594820678e-08, 
7.24520970889733e-08, 1.16049146682633e-07, -1.02969048165521e-07, 
2.53717956934868e-18, 2.5524160880441e-18, 4.60317785360259e-23, 
9.02901828039514e-19, 5.219888606539e-19, 1.29151361038528e-18, 
-2.39825566172695e-19, -1.38095335608078e-22, 0, 7.19568762075157e-19, 
-0.0126220964490851, -0.0184183694963646, 0.0177769278779, -0.0184181878981705, 
-0.0184183694965655, -0.0128524159767372, 0.0126209417479574, 
0.0184164400687834, -0.0177750656447352, 0.0184162584892724, 
0.0184164400687837, 0.0128510696142873, -3.64878318575829e-05, 
-0.0012889766625825, -0.000703101449776035, -7.64401065151155e-05, 
-7.0931817038844e-05, -0.00211971446654538, 0.000508297410276214, 
0.000726338165324837, 0.000802325225394518, -0.000887618664556659, 
0, 0, 0, 0, 0, 0, 0, 0, 0, 0, 0, 0, 0, 0, 0, 0, 0, 0, 0, 0, -1.05635122382296e-08, 
1.24882260264158e-08, 1.57187165650142e-09, 6.67425904961941e-09, 
5.15091653743074e-09, 1.09793594800349e-08, 1.07203008679218e-09, 
7.07425857293499e-09, 1.13310960452327e-08, -1.00539487606524e-08, 
4.95120701838607e-19, 4.06006880765979e-19, 1.34748721379982e-23, 
1.92414436694546e-19, 2.26393572602531e-19, 1.56928360919127e-19, 
2.48301468886894e-19, 4.50060729409141e-21, 0, -4.51291434397745e-19, 
0.00257704764150371, 0.00340384813197856, -0.00220099644185899, 
0.00340392888403394, 0.00340384813197205, 0.00268189832004633, 
-0.002576769591133, -0.0034034915597505, 0.00220076587510737, 
-0.00340357230337542, -0.00340349155974582, -0.00268161737611038, 
-0.000436979334386837, -0.00133189169337508, -0.00091890962565481, 
0.000260353189322076, 0.000195516139648605, -0.00278077146630493, 
0.000726338165315216, 0.00156912974510714, 0.00197357010135558, 
-0.00204182388980434, 0, 0, 0, 0, 0, 0, 0, 0, 0, 0, 0, 0, 0, 
0, 0, 0, 0, 0, 0, 0, -6.97079475068145e-08, 8.24090117654284e-08, 
1.03726814015334e-08, 4.40430123047656e-08, 3.39905716501482e-08, 
7.24520970940769e-08, 7.0742585739912e-09, 4.66825837978369e-08, 
7.47731843846115e-08, -6.63453704271856e-08, 3.03148082005045e-19, 
2.49806047088485e-19, -1.36949674557734e-21, 2.24109531805452e-19, 
1.09975235664806e-19, 2.19502172993734e-19, 1.37786133647848e-19, 
2.72805938540158e-21, -4.37364230124501e-23, -3.97728096769468e-19, 
0.00243834678192812, 0.0030628852118451, -0.00352402034965124, 
0.00306302139406791, 0.00306288521182941, 0.00669701268823574, 
-0.00243801884694286, -0.00306256435739766, 0.00352365118869547, 
-0.0030627005253539, -0.0030625643573839, -0.00669631113844558, 
-0.000792392715704283, -0.0010332790914306, -0.000930943144316569, 
0.000517228946573584, 0.00039644642308749, -0.0026898063950148, 
0.000802325225405111, 0.00197357010138655, 0.00257532820146229, 
-0.00260765183429548, 0, 0, 0, 0, 0, 0, 0, 0, 0, 0, 0, 0, 0, 
0, 0, 0, 0, 0, 0, 0, -1.11653742960362e-07, 1.3199749736405e-07, 
1.6614299293579e-08, 7.05452871726694e-08, 5.44439290760973e-08, 
1.16049146693809e-07, 1.13310960472477e-08, 7.4773184386005e-08, 
1.19766916230116e-07, -1.06267781526246e-07, 2.2849311744705e-19, 
4.07487681445459e-19, 3.96587241338049e-20, 3.67025887178043e-19, 
3.00955924432032e-19, 6.00229588205029e-19, 1.99080198051077e-19, 
-7.76225008766064e-20, 6.73919202171374e-21, -4.61208379293246e-19, 
0.00202899088836958, 0.00230296358122671, -0.00337505787991048, 
0.00230318497696868, 0.00230296358117753, 0.00845736873906257, 
-0.00202865711588087, -0.00230272233281266, 0.0033747043236162, 
-0.00230294370539932, -0.00230272233282527, -0.00845648278211242, 
0.000639109809466096, 0.00148525297295646, 0.00109782914864204, 
-0.000411580682911566, -0.000313526730904784, 0.00331016587763259, 
-0.000887618664580787, -0.00204182388983332, -0.00260765183430368, 
0.00267642670751131, 0, 0, 0, 0, 0, 0, 0, 0, 0, 0, 0, 0, 0, 0, 
0, 0, 0, 0, 0, 0, 9.90690579422518e-08, -1.17119832866967e-07, 
-1.47416731007552e-08, -6.25940067671339e-08, -4.83074603789753e-08, 
-1.02969048172796e-07, -1.00539487596808e-08, -6.63453704301665e-08, 
-1.06267781527819e-07, 9.42901574654575e-08, 9.93324279865189e-19, 
-5.25514119879533e-18, 0, -2.96219063781069e-19, -1.32169909459505e-18, 
-2.6433981891901e-18, -1.59229367188987e-20, 0, 0, 4.76734632302356e-20, 
-0.00267731365404042, -0.00329198812473215, 0.00431861491679791, 
-0.00329217524687813, -0.00329198812472081, -0.00882808529322573, 
0.00267692882184158, 0.00329164327059412, -0.00431816251772685, 
0.00329183037307151, 0.00329164327044947, 0.00882716050071579, 
0, 0, 0, 0, 0, 0, 0, 0, 0, 0, 0.000135299248153311, 6.43749424897536e-05, 
6.02474832447213e-06, -2.80073898894575e-05, -3.10662500449074e-05, 
0.00016872153295835, -7.20886893381964e-05, -0.000125737519405092, 
-0.000128912091284964, 0.000148516986311144, 0, 0, -1.21527504177886e-23, 
0, 0, -1.67458824381918e-19, 0, -9.72220033423086e-23, 0, 4.86110016711543e-23, 
-2.336574079852e-17, -8.23808214770968e-18, -1.15603919423619e-17, 
-2.11961588774339e-17, -1.6606365825208e-17, 3.42856129155495e-17, 
5.92591808234686e-18, -1.0060295927229e-17, -2.36967923535572e-17, 
3.1764196717118e-17, 0, 0, 0, 0, 0, 0, 0, 0, 0, 0, -0.00152911475445901, 
0.00136371420159524, 0.00152937704693388, -0.00151831579578041, 
0.00152911475442322, 0.00152911475439282, 0.00152914646937041, 
-0.00136369617898418, -0.00152940876726094, 0.00151834728669497, 
-0.00152914646930897, -0.00152914646934835, 0, 0, 0, 0, 0, 0, 
0, 0, 0, 0, 6.43749424886033e-05, 2.96807890106696e-05, 3.13684981861792e-06, 
-1.28792353833075e-05, -1.43840954787978e-05, 7.96771158404808e-05, 
-3.34868237501349e-05, -5.90303051044222e-05, -5.98848677298956e-05, 
6.94800322061663e-05, 0, -2.652484794507e-22, -7.33854126480269e-21, 
-8.84161598168999e-23, -8.84161598168999e-23, 6.09098924978624e-19, 
0, -5.90619947576891e-20, 0, 2.95309973788446e-20, -8.6375956929125e-18, 
-3.00791775697094e-18, -3.95296493319385e-18, -7.53465107028157e-18, 
-5.7094293120964e-18, 1.11958951731745e-17, 2.00892567123974e-18, 
-3.20832403521592e-18, -8.55216357848942e-18, 1.15805717804979e-17, 
0, 0, 0, 0, 0, 0, 0, 0, 0, 0, -0.000723559017535518, 0.000645500581043135, 
0.000723647428325413, -0.000717375645848592, 0.000723559017581393, 
0.000723559017834216, 0.000723574024755162, -0.000645491943699788, 
-0.000723662437321243, 0.000717390524733556, -0.000723574024729588, 
-0.000723574024785131, 0, 0, 0, 0, 0, 0, 0, 0, 0, 0, 6.02474832445698e-06, 
3.13684981873267e-06, 2.10098019153644e-06, -2.87812653019304e-06, 
-1.94626757460735e-06, 1.00811119862093e-05, -2.60105176000637e-06, 
-8.48214466596602e-06, -1.76873270691497e-05, 5.96613231206036e-06, 
0, 1.61255950697246e-19, 1.18681877195994e-19, 5.26154236804593e-20, 
5.25737150608156e-20, -3.23893499420187e-20, 0, 1.14940614013959e-18, 
3.48266974024443e-21, -5.78123176880575e-19, -1.17600503028071e-17, 
-4.15168642648342e-18, -5.83008950653519e-18, -1.04169063210284e-17, 
-8.22485442139613e-18, 1.70394074650183e-17, 2.896541115181e-18, 
-4.94347634482657e-18, -1.13956512167411e-17, 1.57426395581003e-17, 
0, 0, 0, 0, 0, 0, 0, 0, 0, 0, -8.02405035948009e-05, 8.16732714263575e-05, 
8.03719499971245e-05, -9.39457605937431e-05, 8.02405035842371e-05, 
8.02405035660651e-05, 8.02421678347077e-05, -8.16740418845171e-05, 
-8.03736169630995e-05, 9.39477090920254e-05, -8.02421678404199e-05, 
-8.02421678494868e-05, 0, 0, 0, 0, 0, 0, 0, 0, 0, 0, -2.80073898889921e-05, 
-1.28792353832296e-05, -2.87812653016091e-06, 6.76588989069808e-06, 
6.59349250893339e-06, -3.651001475361e-05, 1.38810106841035e-05, 
2.77327203211145e-05, 3.50569223377444e-05, -2.93972829201815e-05, 
0, 2.03051834448376e-20, 4.77333928186776e-20, 6.7278651733394e-21, 
-4.05293082731289e-23, 2.80878238659852e-19, 0, 8.44468667178915e-19, 
8.10586165462579e-23, 1.34557303466788e-20, -2.11400061366475e-17, 
-7.30250997068996e-18, -1.03163402601693e-17, -1.89877453493566e-17, 
-1.4936235580915e-17, 3.10725845091056e-17, 5.23264780020006e-18, 
-8.7979198580436e-18, -2.12574524727777e-17, 2.86324212474148e-17, 
0, 0, 0, 0, 0, 0, 0, 0, 0, 0, 0.000323424155994738, -0.000296179753501042, 
-0.000323192555303661, 0.000331254383968459, -0.000323424155925989, 
-0.000323424155865284, -0.000323430864038227, 0.000296177168474344, 
0.000323199258532792, -0.000331261254423934, 0.000323430863954414, 
0.000323430863949446, 0, 0, 0, 0, 0, 0, 0, 0, 0, 0, -3.10662500446624e-05, 
-1.43840954779532e-05, -1.9462675749737e-06, 6.59349250972973e-06, 
7.06931010294306e-06, -3.90388507373244e-05, 1.60157909523536e-05, 
2.91545094079801e-05, 3.16891788438083e-05, -3.3363974541356e-05, 
0, -3.25383726544475e-23, -1.34220787199596e-21, -3.25383726544475e-23, 
0, 2.2418125299598e-19, 0, -2.17356329331709e-20, 0, -6.5076745308895e-23, 
-1.62954041209901e-17, -5.90376233442295e-18, -8.2099235636035e-18, 
-1.48871799581748e-17, -1.17149367294577e-17, 2.46606048661972e-17, 
4.28571854284208e-18, -7.12415874109041e-18, -1.66039899126517e-17, 
2.24377215345291e-17, 0, 0, 0, 0, 0, 0, 0, 0, 0, 0, 0.00035209540319802, 
-0.000316230764281661, -0.000351911889597621, 0.000352179107885899, 
-0.000352095403147552, -0.000352095403155774, -0.000352102705931631, 
0.000316226930885749, 0.000351919188459025, -0.00035218641232003, 
0.000352102705840655, 0.000352102705889141, 0, 0, 0, 0, 0, 0, 
0, 0, 0, 0, 0.000168721532957571, 7.96771158403017e-05, 1.00811119862875e-05, 
-3.65100147545933e-05, -3.90388507381785e-05, 0.000212982301012405, 
-8.83269324080193e-05, -0.000159602173617007, -0.000174251853518168, 
0.000183188659101201, 0, 1.20197549059384e-20, 2.82500227579691e-20, 
3.98259344188779e-21, -2.39915267583602e-23, 1.66273276198815e-19, 
0, 4.99887451537192e-19, 0, 7.96518688377557e-21, 3.4447334013738e-17, 
1.22418864543124e-17, 1.70191152497272e-17, 3.0862250930563e-17, 
2.43046446724948e-17, -5.01948023791651e-17, -8.54075560647201e-18, 
1.46395576533711e-17, 3.44236483789458e-17, -4.61893690038033e-17, 
0, 0, 0, 0, 0, 0, 0, 0, 0, 0, -0.00191836059584456, 0.00172292126590402, 
0.00191797689146623, -0.00192079959838952, 0.00191836059588182, 
0.00191836059584433, 0.00191840038397855, -0.00172290059019119, 
-0.00191801667162681, 0.00192083943709811, -0.00191840038400207, 
-0.00191840038396053, 0, 0, 0, 0, 0, 0, 0, 0, 0, 0, -7.20886893383253e-05, 
-3.34868237508047e-05, -2.60105175994694e-06, 1.38810106845681e-05, 
1.6015790952563e-05, -8.83269324084354e-05, 3.8085591622039e-05, 
6.51427978070257e-05, 6.23668004562185e-05, -7.85502256106253e-05, 
0, 0, 0, 0, 0, 0, 0, 0, 0, 0, 5.70646278711794e-18, 2.09985585208135e-18, 
2.91028002278027e-18, 5.34768865617131e-18, 4.20937039320307e-18, 
-8.55123869588387e-18, -1.47641535096125e-18, 2.5489441245488e-18, 
6.14189270807451e-18, -7.89708343139516e-18, 0, 0, 0, 0, 0, 0, 
0, 0, 0, 0, 0.000806464106160883, -0.000714930164629759, -0.000806529963896636, 
0.000793703093222087, -0.000806464106090607, -0.000806464106048876, 
-0.000806480832796513, 0.000714919824416824, 0.000806546691896124, 
-0.000793719555177477, 0.000806480832691258, 0.000806480832691256, 
0, 0, 0, 0, 0, 0, 0, 0, 0, 0, -0.000125737519405417, -5.90303051035025e-05, 
-8.48214466636498e-06, 2.7732720322881e-05, 2.91545094095504e-05, 
-0.00015960217361783, 6.51427978074515e-05, 0.000119864801806233, 
0.000134592059548176, -0.000135641138322823, 0, 2.57126355694586e-19, 
1.9131095099287e-19, 8.48347203497794e-20, 8.47506756496112e-20, 
-5.22127699794932e-20, 0, 1.85288307778817e-18, 5.61418597123565e-21, 
-9.31954871225118e-19, -1.00996978437975e-17, -3.66474393742424e-18, 
-4.96654591620953e-18, -9.00383269495184e-18, -7.11077309880701e-18, 
1.45600257219539e-17, 2.59517847637872e-18, -4.21960284569968e-18, 
-1.01445104779272e-17, 1.35194325701739e-17, 0, 0, 0, 0, 0, 0, 
0, 0, 0, 0, 0.00143315221638109, -0.00129197085031988, -0.0014330373012565, 
0.00144105675830504, -0.00143315221639854, -0.00143315221642358, 
-0.00143318194094518, 0.00129195614650966, 0.0014330670234536, 
-0.00144108664682674, 0.00143318194098574, 0.00143318194098361, 
0, 0, 0, 0, 0, 0, 0, 0, 0, 0, -0.000128912091244344, -5.98848676849944e-05, 
-1.76873270852492e-05, 3.50569223402854e-05, 3.16891788343976e-05, 
-0.000174251853468603, 6.23668004161367e-05, 0.000134592059495877, 
0.000190175672910798, -0.000133706790915251, 0, 0, 0, 0, 0, 0, 
0, 0, 0, 0, -2.78931123621472e-17, -1.15298051379687e-17, -8.2494590741046e-18, 
-2.09702774259279e-17, -1.96766313991137e-17, 5.28878494297834e-17, 
1.13921395029678e-17, -1.49827469233264e-17, -2.27648619872676e-17, 
3.36910957777512e-17, 0, 0, 0, 0, 0, 0, 0, 0, 0, 0, 0.00151763722142304, 
-0.00141409092648754, -0.00151737512585852, 0.00158845056198047, 
-0.00151763722080907, -0.00151763722346294, -0.00151766869983622, 
0.00141408289711901, 0.00151740659915955, -0.00158848350786679, 
0.00151766869973543, 0.0015176686974813, 0, 0, 0, 0, 0, 0, 0, 
0, 0, 0, 0.000148516986311472, 6.94800322053872e-05, 5.96613231232977e-06, 
-2.9397282922158e-05, -3.33639745434732e-05, 0.000183188659101745, 
-7.85502256112757e-05, -0.000135641138322949, -0.000133706790992014, 
0.00016203554435829, 0, 3.02280389515179e-20, 1.52470228471456e-19, 
1.00357089319039e-20, 1.0096165009807e-20, 4.24054044431369e-19, 
0, 1.25966283918765e-18, 1.20912155806072e-22, -6.29952331749633e-19, 
3.13788203944022e-17, 1.08979486289765e-17, 1.60157823337606e-17, 
2.84312333064239e-17, 2.22435934073493e-17, -4.62786137581117e-17, 
-7.39134497040567e-18, 1.36200515496483e-17, 3.13636421403436e-17, 
-4.2603118488909e-17, 0, 0, 0, 0, 0, 0, 0, 0, 0, 0, -0.00166798383489672, 
0.00148202674374936, 0.0016676253093738, -0.00164709357607034, 
0.00166798383492496, 0.00166798383491813, 0.00166801842994432, 
-0.00148200600590177, -0.001667659897083, 0.00164712773790714, 
-0.00166801842999086, -0.00166801842993806, 0, 0, 0, 0, 0, 0, 
0, 0, 0, 0, 0, -2.07434694720948e-21, 1.03717347360474e-21, 2.34932213010679e-20, 
-1.03717347360474e-21, 0, 0, 0, 0, -8.29738778883793e-21, -6.2679074576065e-06, 
4.50619118078038e-06, 6.91375179085164e-07, -4.12806490567562e-06, 
-3.19739413235745e-06, -1.2207838081148e-06, 2.10046279483241e-06, 
1.42980871502277e-05, 5.39850129215971e-06, 7.21198966148751e-06, 
1.61910853035183e-20, -6.2106196024236e-24, 4.27880637508974e-20, 
4.82371061245738e-21, 2.1522902232199e-20, 5.1858673680237e-22, 
-8.60853983091935e-20, 4.27880637508974e-20, -2.58517040950882e-22, 
-3.46940737540388e-20, 0, 0, 0, 0, 0, 0, 0, 0, 0, 0, -7.91763372663127e-05, 
-7.91763372802299e-05, -0.000113322617452911, -7.91763111831621e-05, 
-7.91763115358926e-05, -7.91335314341272e-05, 7.91791405150435e-05, 
7.91791405058137e-05, 0.000113341442503794, 7.91791144233762e-05, 
7.9179114767591e-05, 7.91363331488052e-05, 0, 0, 0, 0, 0, 0, 
0, 0, 0, 0, 2.19127870811507e-23, 1.37951951069384e-19, -4.04455267550338e-20, 
2.98858916155466e-19, 1.24250980946895e-19, -1.14209446266957e-19, 
0, 1.03231139939301e-19, -3.64847904901159e-21, 1.22229526338658e-18, 
4.50619118094024e-06, -3.23961121237218e-06, -4.97086875742627e-07, 
2.96749880501433e-06, 2.29847065885538e-06, 8.77511338810376e-07, 
-1.50963640556989e-06, -1.02787459628589e-05, -3.8808800665765e-06, 
-5.18439565088464e-06, 4.46473036778445e-22, 2.73909838514383e-24, 
-3.77434061980895e-20, -9.60533326210314e-21, 3.56904519584242e-21, 
2.73909838514383e-24, 7.59387636297276e-20, -3.77434061980895e-20, 
2.2871471515951e-22, 3.7972120913249e-20, 0, 0, 0, 0, 0, 0, 0, 
0, 0, 0, 5.69164612518975e-05, 5.69164612607949e-05, 8.1464520051621e-05, 
5.69164789857051e-05, 5.69164816474209e-05, 5.68897884702659e-05, 
-5.69184763823041e-05, -5.69184763870669e-05, -8.14780528342778e-05, 
-5.69184941079162e-05, -5.69184967628233e-05, -5.68918026473124e-05, 
0, 0, 0, 0, 0, 0, 0, 0, 0, 0, 0, -2.75939641078351e-19, 1.38800964036399e-19, 
-1.5490744305065e-19, -1.36346877615602e-19, -3.28522991802128e-21, 
0, -1.02550320734401e-19, -1.96720354372532e-23, -1.08420456108877e-18, 
6.91375179035075e-07, -4.97086875651203e-07, -7.6231365757456e-08, 
4.55762644150396e-07, 3.53019412577493e-07, 1.34864409530297e-07, 
-2.32336130828802e-07, -1.57797080998496e-06, -5.95845496342655e-07, 
-7.96261964023873e-07, -2.45900442965665e-24, 0, 6.40447703704074e-21, 
-8.47004075795233e-21, -1.02663434938165e-22, 0, -1.28114130785111e-20, 
-3.38838515384538e-20, -1.22950221482832e-24, 3.3882622036239e-20, 
0, 0, 0, 0, 0, 0, 0, 0, 0, 0, 8.74214630031814e-06, 8.74214629146368e-06, 
1.25095110447531e-05, 8.74197782912571e-06, 8.74197657410183e-06, 
8.7312293994692e-06, -8.74245581729872e-06, -8.74245580989517e-06, 
-1.25115892215226e-05, -8.74228734066454e-06, -8.74228607857544e-06, 
-8.73153852937554e-06, 0, 0, 0, 0, 0, 0, 0, 0, 0, 0, 0, 6.69954151263884e-21, 
1.06436923238906e-19, 3.46588933406135e-19, 3.41104705064234e-21, 
0, 0, 8.17017257638883e-23, 0, -8.51168579008189e-19, -4.12806490490271e-06, 
2.96749880427519e-06, 4.5576264412938e-07, -2.71559916906683e-06, 
-2.10330475727247e-06, -8.02415447366935e-07, 1.37857100528907e-06, 
9.4104563077583e-06, 3.55257251249552e-06, 4.74426545173162e-06, 
0, 0, 5.10635786024302e-24, -2.13190440665146e-22, 0, 0, -1.0212715720486e-23, 
2.65990180940059e-20, 0, 8.52761762660584e-22, 0, 0, 0, 0, 0, 
0, 0, 0, 0, 0, -5.2084262126959e-05, -5.20842621486701e-05, -7.45645648876704e-05, 
-5.20843767911904e-05, -5.20843748565337e-05, -5.20990088694409e-05, 
5.20861061768425e-05, 5.20861061514104e-05, 7.45769514691724e-05, 
5.20862208373956e-05, 5.20862188911535e-05, 5.21008534778278e-05, 
0, 0, 0, 0, 0, 0, 0, 0, 0, 0, 0, 0, 0, 0, 0, 0, 0, 0, 0, 0, -3.19739412587832e-06, 
2.29847065353387e-06, 3.530194115742e-07, -2.10330475483876e-06, 
-1.62906476925043e-06, -6.21479164576409e-07, 1.06767554777753e-06, 
7.28874534194498e-06, 2.75158817259456e-06, 3.6745589283685e-06, 
0, 0, 0, 0, 0, 0, 0, 0, 0, 0, 0, 0, 0, 0, 0, 0, 0, 0, 0, 0, -4.03406309115073e-05, 
-4.03406311044988e-05, -5.77525928066516e-05, -4.03407251159553e-05, 
-4.03407248017145e-05, -4.03529306013033e-05, 4.03420595911339e-05, 
4.03420591557011e-05, 5.77621867636311e-05, 4.03421533621971e-05, 
4.03421525279308e-05, 4.03543591674957e-05, 0, 0, 0, 0, 0, 0, 
0, 0, 0, 0, 0, -4.10108467795611e-23, -3.42440570609336e-21, 
-7.75668903276924e-20, 3.42440570609336e-21, 0, 0, 0, 0, 2.73952456487468e-20, 
-1.22078380745766e-06, 8.77511338275515e-07, 1.34864409440355e-07, 
-8.02415447019563e-07, -6.21479164606475e-07, -2.36962599935822e-07, 
4.06672914276604e-07, 2.78161061398109e-06, 1.04998989703493e-06, 
1.40184018406606e-06, 0, 0, 5.12635584744514e-24, -2.14025356630835e-22, 
0, 0, -1.02527116948903e-23, -8.56101426523339e-22, 0, 8.56101426523339e-22, 
0, 0, 0, 0, 0, 0, 0, 0, 0, 0, -1.53897524634905e-05, -1.53897524432258e-05, 
-2.20360595462427e-05, -1.53898450890299e-05, -1.53898439424831e-05, 
-1.54032231698912e-05, 1.5390297334667e-05, 1.53902973221805e-05, 
2.20397201193608e-05, 1.53903899566678e-05, 1.53903888365965e-05, 
1.54037685431707e-05, 0, 0, 0, 0, 0, 0, 0, 0, 0, 0, 0, 0, 0, 
0, 0, 0, 0, 0, 0, 0, 2.10046279480059e-06, -1.50963640553652e-06, 
-2.32336130869579e-07, 1.3785710055236e-06, 1.06767554889665e-06, 
4.06672914481854e-07, -6.96598486621595e-07, -4.78189260353576e-06, 
-1.80470295929406e-06, -2.40836215300225e-06, -8.96230041273593e-21, 
-5.69795534013256e-21, 1.81570242779887e-20, 1.30697501660376e-20, 
4.04462380605273e-21, -6.7878064872283e-21, -5.90642029670368e-20, 
1.83757757627104e-20, -1.79965414179175e-20, -3.65321489946136e-20, 
0, 0, 0, 0, 0, 0, 0, 0, 0, 0, 2.6439659945453e-05, 2.64396599441668e-05, 
3.78695056755092e-05, 2.64398148954669e-05, 2.64398149120672e-05, 
2.64904717982039e-05, -2.64405960384807e-05, -2.64405960391189e-05, 
-3.78757965261385e-05, -2.64407509948375e-05, -2.64407510117565e-05, 
-2.64914096906183e-05, 0, 0, 0, 0, 0, 0, 0, 0, 0, 0, 0, 1.00875095733781e-19, 
3.02186327434299e-19, -3.77730232708928e-19, 5.57907157576663e-20, 
-7.15183230207658e-21, 0, 7.06618161582417e-21, -4.28253431262071e-23, 
-2.36036161174403e-18, 1.42980871504644e-05, -1.02787459627355e-05, 
-1.57797081016731e-06, 9.41045630957077e-06, 7.28874535428616e-06, 
2.78161061549558e-06, -4.78189260362563e-06, -3.26035839264913e-05, 
-1.23090461263028e-05, -1.6440544370419e-05, 0, 0, -4.46989518879787e-22, 
3.48558144288145e-21, 1.33829197269397e-24, 0, 8.93979037759573e-22, 
1.39423257715258e-20, 0, -1.39423257715258e-20, 0, 0, 0, 0, 0, 
0, 0, 0, 0, 0, 0.000180490649025805, 0.000180490649036386, 0.000258366678430565, 
0.000180490886371384, 0.000180490884190263, 0.000180478913525858, 
-0.000180497039283186, -0.000180497039316325, -0.000258409598007688, 
-0.000180497276647015, -0.000180497274467904, -0.000180485303369462, 
0, 0, 0, 0, 0, 0, 0, 0, 0, 0, 0, 2.7683485912598e-20, 7.65233008511667e-20, 
-1.14671089565613e-19, 1.42944461451572e-20, 1.09746227601974e-23, 
0, 1.82178737819277e-21, 0, 1.14333619915737e-19, 5.39850129224646e-06, 
-3.88088006650914e-06, -5.95845496442186e-07, 3.55257251320581e-06, 
2.75158817691446e-06, 1.04998989759935e-06, -1.80470295932041e-06, 
-1.23090461263451e-05, -4.64703946311875e-06, -6.20651093825273e-06, 
0, 0, 1.14547625059561e-22, -8.93231405591695e-22, -3.4295696125617e-25, 
0, 1.37182784502468e-24, -3.57292562236678e-21, 0, 3.57292562236678e-21, 
0, 0, 0, 0, 0, 0, 0, 0, 0, 0, 6.8137200332348e-05, 6.81372003327106e-05, 
9.75394442658489e-05, 6.81373938525751e-05, 6.81373934768739e-05, 
6.81400375511007e-05, -6.81396127234206e-05, -6.81396127295584e-05, 
-9.75556473440999e-05, -6.81398062537985e-05, -6.81398058787806e-05, 
-6.81424500463205e-05, 0, 0, 0, 0, 0, 0, 0, 0, 0, 0, -2.91347084026551e-21, 
8.35346172296966e-19, -5.60594532203364e-19, 5.55048906195284e-19, 
7.7647487079711e-20, -8.80321788022741e-20, 0, -3.04763006638313e-19, 
8.94278534562935e-20, 7.97174470509535e-19, 7.21198966164199e-06, 
-5.18439565088581e-06, -7.96261964156474e-07, 4.74426545278687e-06, 
3.6745589356346e-06, 1.4018401848408e-06, -2.4083621530672e-06, 
-1.64405443704825e-05, -6.20651093832358e-06, -8.28842221331942e-06, 
-3.55460888445568e-22, -2.18074164690532e-24, 3.00484391527084e-20, 
4.76192197872364e-21, 1.51147203547008e-20, -2.18074164690532e-24, 
-6.04567006771563e-20, 3.00484391527084e-20, -1.82091927516595e-22, 
-2.43676071625201e-20, 0, 0, 0, 0, 0, 0, 0, 0, 0, 0, 9.09934416275305e-05, 
9.09934416158779e-05, 0.000130267760181752, 9.0993610515221e-05, 
9.09936139489417e-05, 9.10199107311441e-05, -9.09966632418506e-05, 
-9.09966632412833e-05, -0.000130289400131571, -9.09968321349029e-05, 
-9.09968355726836e-05, -9.10231332877292e-05, 1.04090166765112e-07, 
-1.23055807614931e-07, -1.54888240933868e-08, -6.57664536059688e-08, 
-5.07558233756183e-08, -1.08187819880384e-07, -1.05635122098254e-08, 
-6.97079473193255e-08, -1.11653742659088e-07, 9.90690576741437e-08, 
-2.21694147408079e-17, -7.82533991131205e-18, -1.15327003582047e-17, 
-2.11004333132783e-17, -1.69713962376169e-17, 3.36745517959354e-17, 
6.50977615766215e-18, -1.14777661180739e-17, -2.22156100673011e-17, 
3.23731132045803e-17, 0, 0, 0, 0, 0, 1.14732592569526e-21, 2.74808604956947e-23, 
0, 0, 0, 3.08035677727009e-06, -2.61766015990638e-06, 9.71199968846876e-07, 
2.95010247777345e-07, 4.57781718825335e-07, -2.82990223178593e-06, 
1.75701586946951e-06, -9.33631634388988e-07, 8.01068179634736e-07, 
-1.68372033394344e-06, 0, 0, 0, 0, 0, 0, 0, 0, 0, 0, -4.74293667413684e-06, 
5.10331269672183e-06, -5.0992921348709e-06, -2.70388136757883e-06, 
5.10331469026464e-06, 4.62571291015593e-06, 4.74337040095396e-06, 
-5.10377938301235e-06, 5.09975844851463e-06, 2.70404962358813e-06, 
-5.10378133868658e-06, -4.62613585236125e-06, -1.23055807858166e-07, 
1.45477063667825e-07, 1.8310949255739e-08, 7.77493622109622e-08, 
6.00037356367144e-08, 1.27900069617265e-07, 1.24882260194566e-08, 
8.24090117070417e-08, 1.31997497268179e-07, -1.17119832782287e-07, 
-8.80965529947369e-18, -3.32158469741931e-18, -4.24068435104198e-18, 
-7.43812787559042e-18, -6.07294218496993e-18, 1.1844697941328e-17, 
2.96630075032031e-18, -3.18812554646257e-18, -7.86927209866453e-18, 
1.03639270931824e-17, 0, 0, 0, 0, 0, 1.91280188568573e-20, -1.46884383619561e-23, 
0, 0, 0, -2.61766016242802e-06, 2.22433414408226e-06, -8.25403774722034e-07, 
-2.50834892000078e-07, -3.89127195403979e-07, 2.4047060478631e-06, 
-1.49311677388647e-06, 7.93315031259864e-07, -6.80772077028598e-07, 
1.43101376649602e-06, 0, 0, 0, 0, 0, 0, 0, 0, 0, 0, 3.98891761246432e-06, 
-4.4149584882016e-06, 4.41370967797051e-06, 2.21695315089372e-06, 
-4.41495787998952e-06, -3.85033517149008e-06, -3.98928238543473e-06, 
4.41536220172556e-06, -4.41411330156304e-06, -2.21708339229372e-06, 
4.41536160662207e-06, 3.85068727953104e-06, -1.54888240749222e-08, 
1.83109491970693e-08, 2.30476786583235e-09, 9.78617924814567e-09, 
7.55256758130543e-09, 1.60985630174061e-08, 1.57187165058802e-09, 
1.03726813609075e-08, 1.66142992282872e-08, -1.4741673044365e-08, 
-1.14906440129154e-17, -3.92773260929474e-18, -5.82481067709128e-18, 
-1.03689524325135e-17, -8.23398607148163e-18, 1.73299013032004e-17, 
2.74591921743655e-18, -4.91496577036764e-18, -1.09276407638747e-17, 
1.59687982110078e-17, 0, 0, 0, 0, 0, 5.4271172743656e-21, -6.25123894148466e-24, 
0, 0, 0, 9.71199968825279e-07, -8.25403774709508e-07, 3.06121336112063e-07, 
9.28768930471932e-08, 1.44218293284598e-07, -8.92292092031609e-07, 
5.53878734187507e-07, -2.94434360363002e-07, 2.52396820639852e-07, 
-5.30605264107839e-07, 0, 0, 0, 0, 0, 0, 0, 0, 0, 0, -1.55204687711595e-06, 
1.49842093894218e-06, -1.49637534561695e-06, -9.63842542655408e-07, 
1.49842190735638e-06, 1.56949001134763e-06, 1.55218880535722e-06, 
-1.4985579625753e-06, 1.49651218215971e-06, 9.63913315355981e-07, 
-1.49855892999157e-06, -1.56963353657023e-06, -6.57664527965492e-08, 
7.77493610977174e-08, 9.78617914048437e-09, 4.1552689374657e-08, 
3.20686436176213e-08, 6.8355440000727e-08, 6.67425895192468e-09, 
4.40430116434428e-08, 7.05452861129725e-08, -6.25940058258294e-08, 
-2.46625403379186e-17, -6.05113080969347e-18, -1.14954906943601e-17, 
-1.90135497469789e-17, -1.55718278054381e-17, 3.57021239164799e-17, 
1.84759184548026e-18, -1.10144144915073e-17, -2.25852617339334e-17, 
2.73957223362695e-17, 0, 0, 0, 0, 0, 0, 0, 0, 0, 0, 2.95010247254594e-07, 
-2.50834889108766e-07, 9.28768931482874e-08, 2.80386120545563e-08, 
4.36615770738234e-08, -2.7111627011633e-07, 1.68135978307952e-07, 
-8.95279309365948e-08, 7.64548496025332e-08, -1.60856915390709e-07, 
0, 0, 0, 0, 0, 0, 0, 0, 0, 0, -5.43091293215531e-07, 3.15394858229934e-07, 
-3.13743504751189e-07, -4.33542997409199e-07, 3.1539662357043e-07, 
6.17155893829312e-07, 5.43140969067962e-07, -3.15423741320327e-07, 
3.1377218726748e-07, 4.3358686120714e-07, -3.15425438250612e-07, 
-6.1721234794886e-07, -5.07558239704789e-08, 6.00037362229542e-08, 
7.55256767839469e-09, 3.20686443894015e-08, 2.47492507394243e-08, 
5.27538970520134e-08, 5.15091658456586e-09, 3.39905719583981e-08, 
5.44439295685262e-08, -4.83074608156629e-08, -1.55872458207381e-17, 
-7.00120726704561e-18, -8.39905422422436e-18, -1.49145908585508e-17, 
-1.15753965173617e-17, 2.24969775926445e-17, 4.33885267672862e-18, 
-7.56348344577689e-18, -1.66320560334313e-17, 2.38260983630778e-17, 
0, 0, 0, 0, 0, 0, 0, 0, 0, 0, 4.57781720364156e-07, -3.8912719867125e-07, 
1.44218293528421e-07, 4.36615772837755e-08, 6.78788941986334e-08, 
-4.20627693682188e-07, 2.60989329205529e-07, -1.38843948437846e-07, 
1.18801842888395e-07, -2.49881322442775e-07, 0, 0, 0, 0, 0, 0, 
0, 0, 0, 0, -7.82380115151137e-07, 6.06653353618744e-07, -6.05234320064155e-07, 
-5.54314239925513e-07, 6.06654730323886e-07, 8.39540028170902e-07, 
7.82451651281146e-07, -6.06708837968072e-07, 6.05289672817565e-07, 
5.5436352011792e-07, -6.06710218491668e-07, -8.39616821684813e-07, 
-1.08187822672397e-07, 1.27900072652152e-07, 1.6098563452974e-08, 
6.83554426013706e-08, 5.27538977875731e-08, 1.1244678565393e-07, 
1.09793597272535e-08, 7.24520987618886e-08, 1.16049149366379e-07, 
-1.0296905054472e-07, 5.44438585584078e-17, 1.66170445209098e-17, 
1.6812105610189e-17, 3.06264177289921e-17, 2.40171878324846e-17, 
-3.42248553563128e-17, 4.27312979076813e-18, 7.46992901072521e-18, 
3.3659580603559e-17, -3.41553873462329e-17, 0, 0, 0, 0, 0, 0, 
0, 0, 0, 0, -2.82990223298341e-06, 2.40470606498605e-06, -8.92292091516033e-07, 
-2.71116270064072e-07, -4.20627693847381e-07, 2.59968433370107e-06, 
-1.6141207197161e-06, 8.57665719602165e-07, -7.35851101554794e-07, 
1.54691957047413e-06, 0, 0, 0, 0, 0, 0, 0, 0, 0, 0, 4.34114034439052e-06, 
-4.71570235028037e-06, 4.7145044544205e-06, 2.45361731542963e-06, 
-4.71570523041816e-06, -4.21930202179375e-06, -4.34153722540536e-06, 
4.7161335607718e-06, -4.71493558806508e-06, -2.45376720414709e-06, 
4.7161364078513e-06, 4.2196877861739e-06, -1.05635130368977e-08, 
1.24882269736308e-08, 1.57187177681688e-09, 6.67425955511519e-09, 
5.15091692851546e-09, 1.09793603125302e-08, 1.07203016583194e-09, 
7.07425910828722e-09, 1.13310969037647e-08, -1.00539495224226e-08, 
1.13121675583046e-18, 2.27719339558325e-18, 4.0364672773373e-18, 
5.24223548490864e-18, 4.75055687884083e-18, -2.07376369108842e-18, 
-5.32639289371311e-20, 4.50144372927116e-18, 5.10691983712878e-18, 
-7.27694364075419e-18, 0, 0, 0, 0, 0, -2.00541901118716e-23, 
0, 0, 0, 0, 1.7570158661569e-06, -1.49311676627695e-06, 5.53878734148693e-07, 
1.68135975968298e-07, 2.6098933014456e-07, -1.61412073615915e-06, 
1.00199915679038e-06, -5.32601477606015e-07, 4.56538609227612e-07, 
-9.60053251052326e-07, 0, 0, 0, 0, 0, 0, 0, 0, 0, 0, -2.78581973468328e-06, 
2.74924770526831e-06, -2.74829432325741e-06, -1.70188868201804e-06, 
2.7492470775761e-06, 2.79771606799027e-06, 2.78607448753631e-06, 
-2.74949911205748e-06, 2.74854561433478e-06, 1.70201013864682e-06, 
-2.74949854112804e-06, -2.79797191937352e-06, -6.9707947541568e-08, 
8.24090118068629e-08, 1.03726814066975e-08, 4.4043012326957e-08, 
3.39905716672397e-08, 7.24520971308849e-08, 7.07425857759071e-09, 
4.6682583821211e-08, 7.47731844224208e-08, -6.63453704606037e-08, 
-1.02967144605952e-17, -3.62729102055355e-18, -4.72921027544818e-18, 
-9.13923982662317e-18, -7.09146106354516e-18, 1.45945969761734e-17, 
2.7147123805353e-18, -4.21003527698214e-18, -1.13403003856555e-17, 
1.30478165416218e-17, 0, 0, 0, 0, 0, -3.03611110214058e-22, -7.27212240033672e-24, 
0, 0, 0, -9.33631633808646e-07, 7.93315030940033e-07, -2.94434360405029e-07, 
-8.95279303224747e-08, -1.38843948621983e-07, 8.57665723844953e-07, 
-5.32601476479433e-07, 2.82916755703425e-07, -2.42920874051579e-07, 
5.10523907849744e-07, 0, 0, 0, 0, 0, 0, 0, 0, 0, 0, 1.39266794694189e-06, 
-1.63400963667932e-06, 1.63360383624788e-06, 7.31447050716299e-07, 
-1.63400877894531e-06, -1.31416455339302e-06, -1.39279529562602e-06, 
1.63415906606708e-06, -1.63375322205034e-06, -7.31484050694849e-07, 
1.6341582053242e-06, 1.31428473575979e-06, -1.11653742368883e-07, 
1.31997496664771e-07, 1.66142992036006e-08, 7.05452867990604e-08, 
5.44439287878229e-08, 1.16049146078384e-07, 1.13310959849148e-08, 
7.47731839902863e-08, 1.19766915597006e-07, -1.06267780963868e-07, 
-2.12690796091228e-17, -9.94487809429724e-18, -1.07647487467632e-17, 
-2.21028745320527e-17, -1.62078508200792e-17, 3.68373613986904e-17, 
4.30375381332855e-18, -1.26441716483161e-17, -3.18437323740652e-17, 
2.68285397451565e-17, 0, 0, 0, 0, 0, 0, 0, 0, 0, 0, 8.01068180046131e-07, 
-6.80772076966215e-07, 2.52396820808899e-07, 7.64548489715349e-08, 
1.18801843404261e-07, -7.3585110811877e-07, 4.56538608144871e-07, 
-2.42920874417217e-07, 2.07546600559731e-07, -4.37211416758997e-07, 
0, 0, 0, 0, 0, 0, 0, 0, 0, 0, -1.39294152136088e-06, 1.00637529015365e-06, 
-1.00820152085256e-06, -1.01962910861028e-06, 1.0063771963758e-06, 
1.51868328119761e-06, 1.39306890901645e-06, -1.00646728109614e-06, 
1.00829367164171e-06, 1.01972355777775e-06, -1.00646921257225e-06, 
-1.51882216908115e-06, 9.90690578029519e-08, -1.1711983270321e-07, 
-1.47416730816872e-08, -6.25940066795016e-08, -4.83074603113773e-08, 
-1.02969048031889e-07, -1.00539487489651e-08, -6.63453703355565e-08, 
-1.06267781377785e-07, 9.42901573338337e-08, 3.18554401497973e-17, 
1.08923942415869e-17, 1.59233890171005e-17, 2.83599987916926e-17, 
2.24712092752179e-17, -4.62741453423328e-17, -7.75541167186684e-18, 
1.32422826987283e-17, 3.0662886410778e-17, -4.19895794181558e-17, 
0, 0, -2.16120648608063e-24, 0, 0, -1.1257724585994e-20, 1.29672389164838e-23, 
0, 0, 0, -1.68372033552714e-06, 1.43101376831131e-06, -5.30605264116662e-07, 
-1.60856916868032e-07, -2.49881320743253e-07, 1.5469195606901e-06, 
-9.60053253800224e-07, 5.10523907594408e-07, -4.37211416274114e-07, 
9.1953235621748e-07, 0, 0, 0, 0, 0, 0, 0, 0, 0, 0, 2.77427764792749e-06, 
-2.43128091381905e-06, 2.42837281235926e-06, 1.83626051599729e-06, 
-2.43128361241796e-06, -2.88584680885383e-06, -2.77453134636906e-06, 
2.43150324480761e-06, -2.42859487886293e-06, -1.83640964471777e-06, 
2.43150593607028e-06, 2.88611070326771e-06, -6.21056234515331e-23, 
-1.54052998971528e-19, 0, 3.22805622693741e-19, 1.55844358047958e-19, 
6.9918510881736e-19, 0, 4.30469602548439e-19, -1.20057933334745e-19, 
-3.54731794749294e-19, 0, 0, 0, 0, 0, 0, 0, 0, 0, 0, 0, 0, 0, 
0, 0, 0, 0, 0, 0, 0, 0, 0, 0, 0, 0, 0, 0, 0, 0, 0, 0.00339211157423823, 
0.000473003448033431, -0.00208611365751968, -0.00140114771280824, 
-0.00131013574516591, -0.000241697990451179, -0.00182034407563308, 
-0.00175441459588133, 0.000776748867375589, 0.00303012874652921, 
0.00712955927292295, 0.0071295560180606, -0.00712955607266388, 
0.00712955927290745, 0.00385060876598437, -0.00712955601809429, 
-0.00712976596356145, -0.00712976270864623, 0.00712976276323618, 
-0.00712976596355176, -0.00385063877202961, 0.00712976270862892, 
-3.03211962785222e-19, 1.05243625143417e-18, 5.81869051593211e-23, 
7.8508015061259e-19, 5.98538387694166e-19, 1.41752998785633e-18, 
9.67842189150041e-21, 4.8881849242593e-19, 5.49056485992117e-19, 
-1.07365507618227e-18, 0, 0, 0, 0, 0, 0, 0, 0, 0, 0, 0, 0, 0, 
0, 0, 0, 0, 0, 0, 0, 0, 0, 0, 0, 0, 0, 0, 0, 0, 0, 0.00047300344806575, 
9.92014966700085e-05, -0.000275699678263631, -0.000164448516836379, 
-0.000153380209918075, -2.10182408197248e-06, -0.000208534467080492, 
-0.000176973971308526, 0.000298483420659712, 0.000335026652039691, 
0.000784309213829512, 0.000784299610425008, -0.000784299712197608, 
0.000784309213836681, 0.000420993924385451, -0.000784299610422668, 
-0.000784331951492595, -0.000784322347820734, 0.000784322449559604, 
-0.000784331951478033, -0.000420997149613103, 0.000784322347795437, 
0, -5.03642278046434e-21, 0, -5.44667193337754e-20, -3.30278926331501e-20, 
-8.33596029934151e-19, 0, -4.1681313935981e-19, 2.26865891011907e-23, 
4.16798014967076e-19, 0, 0, 0, 0, 0, 0, 0, 0, 0, 0, 0, 0, 0, 
0, 0, 0, 0, 0, 0, 0, 0, 0, 0, 0, 0, 0, 0, 0, 0, 0, -0.00208611365751211, 
-0.000275699678245015, 0.00128988088028909, 0.00087582625858623, 
0.000819113198304697, 0.000163083084826615, 0.00114019273823083, 
0.00110986780213224, -0.000390790738758774, -0.00190348379659141, 
-0.00448050249754573, -0.00448050163456383, 0.00448050163852828, 
-0.00448050249752412, -0.0024210645436446, 0.00448050163454213, 
0.00448063239028352, 0.0044806315272695, -0.00448063153125475, 
0.00448063239026368, 0.0024210834351076, -0.00448063152725849, 
0, 0, 0, -4.06922178915507e-19, 8.59034794281712e-21, 1.39111573958832e-19, 
0, 6.95557869794162e-20, 0, -1.14783708584774e-17, 0, 0, 0, 0, 
0, 0, 0, 0, 0, 0, 0, 0, 0, 0, 0, 0, 0, 0, 0, 0, 0, 0, 0, 0, 0, 
0, 0, 0, 0, 0, -0.00140114771121786, -0.000164448516635515, 0.00087582625760285, 
0.000607536302680826, 0.000568433170189685, 0.000129237105515927, 
0.000794057093759895, 0.00078763422256134, -0.000143912105872551, 
-0.00133303641822712, -0.00314018314111759, -0.00314018956860861, 
0.00314018959176515, -0.00314018314174142, -0.00169840580162662, 
0.00314018956975329, 0.00314027417672691, 0.00314028060422503, 
-0.00314028062758978, 0.00314027417742809, 0.00169841908810321, 
-0.00314028060385813, 0, 0, 0, 1.83927302309422e-20, -7.34240727782125e-23, 
-1.1747851644514e-21, 0, -5.873925822257e-22, 0, -1.61879521735581e-17, 
0, 0, 0, 0, 0, 0, 0, 0, 0, 0, 0, 0, 0, 0, 0, 0, 0, 0, 0, 0, 0, 
0, 0, 0, 0, 0, 0, 0, 0, 0, -0.00131013574530171, -0.000153380209942805, 
0.000819113198401466, 0.000568433170880968, 0.000531851074386204, 
0.000121209862193978, 0.000743005162172069, 0.000737259267782491, 
-0.000132355374896535, -0.00124746541125084, -0.00293864987350306, 
-0.00293865466823512, 0.00293865467555028, -0.00293864987324991, 
-0.00158943113054743, 0.00293865466733524, 0.00293873506751522, 
0.00293873986060695, -0.00293873986919893, 0.00293873506714725, 
0.00158944356583177, -0.00293873986258475, 1.5337578529579e-20, 
1.1234469521346e-18, 0, 7.44030727463166e-19, 5.74938717167849e-19, 
1.54102786518092e-18, -1.5337578529579e-22, 3.45294905436411e-19, 
5.61731144856565e-19, -1.2948750673597e-18, 0, 0, 0, 0, 0, 0, 
0, 0, 0, 0, 0, 0, 0, 0, 0, 0, 0, 0, 0, 0, 0, 0, 0, 0, 0, 0, 0, 
0, 0, 0, -0.000241697990408101, -2.10182407858075e-06, 0.000163083084800238, 
0.00012923710563146, 0.000121209862163885, 4.72602056146732e-05, 
0.000172763277327812, 0.00018932686000035, 0.000125423072531028, 
-0.000299080182296193, -0.000707478270316365, -0.000707486737980626, 
0.000707486667751141, -0.000707478270306789, -0.000384577712781203, 
0.000707486737976865, 0.0007074987805954, 0.000707507248519048, 
-0.000707507178268442, 0.00070749878056779, 0.000384580762247873, 
-0.000707507248497896, 0, -1.80560687862341e-19, 0, 2.00066542918766e-19, 
1.3831084291279e-19, 9.76503476247614e-19, 0, 4.85310780855397e-19, 
-9.02803439311703e-20, -3.97962588931354e-19, 0, 0, 0, 0, 0, 
0, 0, 0, 0, 0, 0, 0, 0, 0, 0, 0, 0, 0, 0, 0, 0, 0, 0, 0, 0, 0, 
0, 0, 0, 0, -0.00182034407565848, -0.000208534467070426, 0.00114019273825046, 
0.000794057094655809, 0.000743005162093016, 0.000172763277355914, 
0.00103858944170542, 0.00103368422409299, -0.000157726268110341, 
-0.00174531200898777, -0.0041119377988067, -0.00411194014834194, 
0.00411194027309102, -0.00411193779876953, -0.00222435873432487, 
0.00411194014837765, 0.00411205700657529, 0.0041120593562497, 
-0.00411205948094671, 0.00411205700658422, 0.00222437614285686, 
-0.00411205935619047, -5.06604926341151e-23, 3.787716165944e-19, 
0, 1.86350400446873e-19, 1.72706896524348e-19, 3.80190110388155e-19, 
0, 2.34093693046807e-19, 2.12085930705003e-19, -4.02886011088239e-19, 
0, 0, 0, 0, 0, 0, 0, 0, 0, 0, 0, 0, 0, 0, 0, 0, 0, 0, 0, 0, 0, 
0, 0, 0, 0, 0, 0, 0, 0, 0, -0.00175441459586241, -0.000176973971289862, 
0.00110986780212767, 0.000787634223450353, 0.000737259267727749, 
0.000189326860030477, 0.00103368422407626, 0.00104510774522035, 
-1.46911647712986e-05, -0.00174528652168882, -0.00411454835197488, 
-0.00411455068286849, 0.00411455073340653, -0.0041145483519801, 
-0.0022275145099948, 0.00411455068285754, 0.00411466763548296, 
0.0041146699664281, -0.00411467001696563, 0.00411466763546781, 
0.00222753198012707, -0.0041146699664574, 0, 0, 0, -4.52890019358229e-19, 
9.67973804733144e-21, -9.2740005243894e-22, 0, -4.6370002621947e-22, 
0, -1.27791090225824e-17, 0, 0, 0, 0, 0, 0, 0, 0, 0, 0, 0, 0, 
0, 0, 0, 0, 0, 0, 0, 0, 0, 0, 0, 0, 0, 0, 0, 0, 0, 0, 0.000776748867781401, 
0.000298483420724955, -0.00039079073901461, -0.000143912106155673, 
-0.000132355374892146, 0.000125423072515734, -0.000157726268331759, 
-1.46911649809086e-05, 0.00126563771417738, 0.000193342371431237, 
0.000432203465260141, 0.000432199233829875, -0.000432199227286204, 
0.000432203466039891, 0.000218582804910404, -0.000432199234758802, 
-0.000432215996488864, -0.000432211764365989, 0.000432211757497233, 
-0.000432215996055518, -0.000218584193312523, 0.000432211764769187, 
2.17210578385071e-19, -1.12709401996968e-18, -4.25958775758409e-23, 
-7.48031530594039e-19, -5.59067343526447e-19, -8.89728492178306e-19, 
-1.18558525919424e-20, -3.59005155522116e-19, -3.67311351649405e-19, 
9.31454703920306e-19, 0, 0, 0, 0, 0, 0, 0, 0, 0, 0, 0, 0, 0, 
0, 0, 0, 0, 0, 0, 0, 0, 0, 0, 0, 0, 0, 0, 0, 0, 0, 0.00303012874650915, 
0.00033502665201014, -0.00190348379658933, -0.00133303641972925, 
-0.00124746541115077, -0.0002990801823435, -0.00174531200896006, 
-0.00174528652169249, 0.000193342371084732, 0.00293707405825359, 
0.00692106331807088, 0.0069210723396236, -0.00692107226602067, 
0.00692106331807745, 0.00374484350648108, -0.00692107233961128, 
-0.00692126396429123, -0.00692127298609227, 0.00692127291249811, 
-0.00692126396429877, -0.0037448728335998, 0.00692127298611076, 
0.00136710760783141, -0.00872426741890201, -0.00398304593784579, 
-0.00155293822349247, -0.0012766213680969, -0.0126220964496135, 
0.00257704764147049, 0.00243834678196852, 0.00202899088838317, 
-0.00267731365392328, -0.00152911475444818, -0.000723559017584309, 
-8.02405035910582e-05, 0.000323424156013187, 0.000352095403214437, 
-0.00191836059585331, 0.000806464106168902, 0.0014331522163726, 
0.00151763722278795, -0.00166798383481661, -7.91763372741048e-05, 
5.69164612584273e-05, 8.74214629865782e-06, -5.2084262129805e-05, 
-4.03406310801614e-05, -1.53897524592041e-05, 2.64396599439737e-05, 
0.000180490649030497, 6.81372003312507e-05, 9.09934416197299e-05, 
-4.74293666464963e-06, 3.98891761976335e-06, -1.55204687679982e-06, 
-5.43091301262573e-07, -7.82380095511884e-07, 4.34114031899179e-06, 
-2.78581971698887e-06, 1.39266794432093e-06, -1.39294151903695e-06, 
2.77427764797461e-06, 0.00712955927283143, 0.00078430921375822, 
-0.00448050249750823, -0.00314018314505854, -0.00293864987328908, 
-0.000707478270414333, -0.00411193779868761, -0.00411454835197535, 
0.000432203465434665, 0.00692106331805279, 0.968472197941861, 
0.332416944765265, -0.0489972903103025, 0.698424240166259, 0.00954593849362373, 
-0.0715888997607917, 0, 0, 0, 0, 0, 0, 0.00276174917621237, -0.0129608307906896, 
-0.00556739808425036, -0.00254852334847849, -0.00206097010285529, 
-0.0184183694969411, 0.00340384813189097, 0.00306288521183778, 
0.0023029635811636, -0.00329198812470241, 0.00136371420155592, 
0.000645500581071577, 8.16732714273746e-05, -0.000296179753518558, 
-0.000316230764295923, 0.00172292126587244, -0.000714930164616728, 
-0.00129197085030582, -0.00141409092808585, 0.00148202674377688, 
-7.91763372735394e-05, 5.69164612580064e-05, 8.74214629858751e-06, 
-5.20842621299309e-05, -4.03406310799124e-05, -1.53897524590465e-05, 
2.64396599439131e-05, 0.00018049064902945, 6.81372003308187e-05, 
9.09934416194176e-05, 5.10331269325022e-06, -4.41495847488103e-06, 
1.49842093961566e-06, 3.15394826368527e-07, 6.06653361525805e-07, 
-4.71570220052633e-06, 2.74924768930121e-06, -1.63400963600007e-06, 
1.00637527047207e-06, -2.43128091318865e-06, 0.00712955601797563, 
0.000784299610359345, -0.00448050163450717, -0.00314018957206072, 
-0.00293865466784111, -0.000707486738099184, -0.00411194014823759, 
-0.00411455068284346, 0.000432199233626234, 0.00692107233955588, 
0.332416944770093, 0.993202236019203, 0.278233831884863, 0.286208301635026, 
0.677128978679665, -0.0252905774546813, 0, 0, 0, 0, 0, 0, -0.00398329056643327, 
0.0119633500691384, 0.00445698437308219, 0.00210046910066067, 
0.00159871343188382, 0.0177769278792507, -0.0022009964419791, 
-0.0035240203500241, -0.00337505788030817, 0.00431861491734297, 
0.00152937704701562, 0.00072364742841739, 8.03719499958439e-05, 
-0.000323192555313373, -0.000351911889622966, 0.00191797689157415, 
-0.000806529963948047, -0.00143303730132907, -0.00151737512730451, 
0.00166762530943768, -0.000113322617465099, 8.14645200530674e-05, 
1.25095110456588e-05, -7.4564564897325e-05, -5.77525930253478e-05, 
-2.20360595537159e-05, 3.78695056778414e-05, 0.00025836667844748, 
9.75394442688955e-05, 0.000130267760187377, -5.09929214543383e-06, 
4.41370968606229e-06, -1.49637534593518e-06, -3.13743528617869e-07, 
-6.05234319338688e-07, 4.71450441990544e-06, -2.74829430388785e-06, 
1.63360383613507e-06, -1.00820148349336e-06, 2.42837281604765e-06, 
-0.00712955607300955, -0.000784299712163162, 0.00448050163875725, 
0.00314018959567305, 0.00293865467603421, 0.00070748666790168, 
0.00411194027321934, 0.00411455073363925, -0.000432199226742425, 
-0.00692107226639477, -0.048997290322993, 0.2782338318457, 0.998416874236637, 
0.173084812331096, 0.296757756084785, 0.347003628007505, 0, 0, 
0, 0, 0, 0, 0.00276166424018901, -0.0129605524499396, -0.00556735556145263, 
-0.00254840671603414, -0.00206087794428882, -0.0184181878987841, 
0.00340392888401623, 0.00306302139415882, 0.00230318497705591, 
-0.00329217524702958, -0.00151831579574586, -0.000717375645834209, 
-9.39457605911017e-05, 0.000331254383969592, 0.000352179107892549, 
-0.0019207995983542, 0.000793703093204493, 0.00144105675827096, 
0.00158845056258701, -0.00164709357600708, -7.91763111858464e-05, 
5.6916478982671e-05, 8.7419778312973e-06, -5.20843768061051e-05, 
-4.03407252715109e-05, -1.53898450961654e-05, 2.64398148945036e-05, 
0.000180490886365395, 6.81373938517827e-05, 9.09936105120118e-05, 
-2.70388135869516e-06, 2.21695315080372e-06, -9.63842542943025e-07, 
-4.33542986994268e-07, -5.54314230886455e-07, 2.45361732145308e-06, 
-1.70188861108989e-06, 7.31447049388649e-07, -1.01962907537196e-06, 
1.83626052138579e-06, 0.00712955927291144, 0.000784309213766967, 
-0.00448050249755862, -0.00314018314509384, -0.00293864987332211, 
-0.000707478270422248, -0.00411193779873399, -0.0041145483520215, 
0.000432203465439755, 0.00692106331813051, 0.698424240165759, 
0.286208301639864, 0.173084812350637, 0.999986826369439, 0.137207729986718, 
0.173919631150204, 0, 0, 0, 0, 0, 0, 0.00276174917621489, -0.0129608307907201, 
-0.0055673980842654, -0.00254852334848003, -0.0020609701028565, 
-0.0184183694969925, 0.00340384813190113, 0.00306288521185586, 
0.00230296358118419, -0.00329198812472532, 0.00152911475441663, 
0.00072355901762752, 8.02405035872087e-05, -0.000323424155925429, 
-0.000352095403166582, 0.00191836059588608, -0.00080646410607626, 
-0.00143315221638941, -0.00151763722275288, 0.00166798383486459, 
-7.91763115350959e-05, 5.69164816401176e-05, 8.74197656832457e-06, 
-5.20843748136864e-05, -4.03407246651202e-05, -1.53898439720299e-05, 
2.64398149095316e-05, 0.000180490884192351, 6.81373934757215e-05, 
9.0993613955503e-05, 5.10331466369343e-06, -4.41495788311961e-06, 
1.49842190634976e-06, 3.15396584257472e-07, 6.06654747783374e-07, 
-4.71570504961386e-06, 2.74924710818033e-06, -1.63400878175902e-06, 
1.00637719520187e-06, -2.43128361025527e-06, 0.0038506087660611, 
0.000420993924361457, -0.00242106454372215, -0.0016984058040148, 
-0.00158943113071051, -0.00038457771283675, -0.0022243587343537, 
-0.00222751451005304, 0.00021858280400609, 0.00374484350657057, 
0.00954593849434873, 0.677128978688239, 0.296757756130734, 0.13720772997833, 
0.976930621729396, 0.297580443877124, 0, 0, 0, 0, 0, 0, -0.000754618623209872, 
-0.00636200290900172, -0.00375194526733182, 0.000893108386556637, 
0.00071160803689179, -0.0128524159773344, 0.00268189832005649, 
0.00669701268841561, 0.00845736873916213, -0.00882808529276321, 
0.00152911475445389, 0.000723559017645489, 8.02405035893317e-05, 
-0.000323424155933467, -0.000352095403175216, 0.00191836059593423, 
-0.000806464106095847, -0.00143315221642505, -0.00151763722279019, 
0.00166798383490509, -7.91335314407174e-05, 5.68897884746957e-05, 
8.73122939282578e-06, -5.20990088981478e-05, -4.03529305420552e-05, 
-1.5403223194847e-05, 2.64904717986833e-05, 0.000180478913536427, 
6.81400375524131e-05, 9.10199107333936e-05, 4.62571285859048e-06, 
-3.85033517169111e-06, 1.5694900125028e-06, 6.17155876521826e-07, 
8.39540065278613e-07, -4.21930183589357e-06, 2.7977160867117e-06, 
-1.31416455491681e-06, 1.51868323949628e-06, -2.88584680323502e-06, 
-0.007129556018018, -0.000784299610384845, 0.0044805016345241, 
0.0031401895720599, 0.00293865466784, 0.000707486738083639, 0.00411194014823344, 
0.00411455068282547, -0.000432199233747386, -0.00692107233954198, 
-0.0715888997772007, -0.0252905774247102, 0.34700362803385, 0.173919631153611, 
0.297580443876815, 0.999999999972764, 0, 0, 0, 0, 0, 0, -0.00136709606989026, 
0.00872352432994069, 0.00398265636420821, 0.00155285676120059, 
0.00127655016660812, 0.012620941748731, -0.0025767695911245, 
-0.00243801884705721, -0.00202865711598841, 0.00267692882160843, 
0.00152914646936114, 0.000723574024706268, 8.0242167835436e-05, 
-0.000323430864057235, -0.000352102705920333, 0.00191840038399847, 
-0.000806480832800421, -0.001433181940955, -0.00151766869964934, 
0.00166801842997226, 7.91791405113219e-05, -5.69184763846595e-05, 
-8.74245581418626e-06, 5.20861061726352e-05, 4.034205933955e-05, 
1.5390297333098e-05, -2.64405960399533e-05, -0.000180497039298767, 
-6.8139612727861e-05, -9.09966632414692e-05, 4.74337038377095e-06, 
-3.98928238749885e-06, 1.55218880417244e-06, 5.43140964400422e-07, 
7.82451640474515e-07, -4.34153729578159e-06, 2.78607446708084e-06, 
-1.3927952972243e-06, 1.39306889697635e-06, -2.77453134260707e-06, 
-0.00712976596357679, -0.000784331951412755, 0.00448063239030621, 
0.0031402741810919, 0.00293873506673658, 0.000707498780687945, 
0.0041120570065457, 0.00411466763551508, -0.000432215995305729, 
-0.00692126396435983, 0, 0, 0, 0, 0, 0, 0.968472197950385, 0.332416944776201, 
-0.0489972903110896, 0.698424240176233, 0.00954593849069919, 
-0.0715888997966739, -0.00276145986745027, 0.0129594730709268, 
0.00556681486807381, 0.00254825637631826, 0.00206075420464095, 
0.0184164400694364, -0.00340349155971412, -0.00306256435751212, 
-0.00230272233293028, 0.00329164327059575, -0.00136369617902405, 
-0.000645491943731364, -8.16740418756514e-05, 0.000296177168483775, 
0.000316226930880408, -0.00172290059018745, 0.000714919824415029, 
0.0012919561464924, 0.00141408289921798, -0.00148200600586976, 
7.91791405111788e-05, -5.69184763846202e-05, -8.74245581415395e-06, 
5.20861061724052e-05, 4.03420593394694e-05, 1.5390297333065e-05, 
-2.64405960395348e-05, -0.000180497039298577, -6.8139612727156e-05, 
-9.09966632408311e-05, -5.10377936741988e-06, 4.41536220224498e-06, 
-1.49855796323787e-06, -3.15423667771029e-07, -6.06708837157929e-07, 
4.71613342948724e-06, -2.74949909523707e-06, 1.63415905854786e-06, 
-1.00646729882164e-06, 2.43150324249841e-06, -0.00712976270863226, 
-0.000784322347745611, 0.00448063152727899, 0.00314028060827397, 
0.0029387398614215, 0.000707507248609846, 0.00411205935615385, 
0.00411466996643475, -0.000432211763428717, -0.00692127298610459, 
0, 0, 0, 0, 0, 0, 0.332416944765222, 0.993202236025167, 0.278233831886067, 
0.286208301628179, 0.677128978706379, -0.0252905774183828, 0.00398287329430512, 
-0.0119620968402111, -0.00445651747853455, -0.00210024906466247, 
-0.00159854595762087, -0.0177750656448813, 0.00220076587497408, 
0.00352365118867139, 0.00337470432356373, -0.00431816251764184, 
-0.00152940876740354, -0.000723662437391056, -8.03736169684272e-05, 
0.000323199258560491, 0.000351919188530863, -0.00191801667180419, 
0.000806546691962929, 0.00143306702356214, 0.00151740659876403, 
-0.00166765989719351, 0.000113341442509506, -8.14780528408415e-05, 
-1.25115892207063e-05, 7.45769514785593e-05, 5.77621868175155e-05, 
2.20397201346813e-05, -3.78757965268722e-05, -0.000258409598016006, 
-9.75556473468712e-05, -0.000130289400135372, 5.09975845144557e-06, 
-4.41411329913152e-06, 1.49651218252954e-06, 3.13772218973972e-07, 
6.05289665168007e-07, -4.71493553910311e-06, 2.74854562246307e-06, 
-1.63375322153365e-06, 1.00829367875225e-06, -2.42859487926012e-06, 
0.00712976276364112, 0.000784322449587325, -0.00448063153149535, 
-0.00314028063184056, -0.00293873986957076, -0.00070750717837165, 
-0.00411205948107231, -0.00411467001714018, 0.000432211756758, 
0.00692127291281533, 0, 0, 0, 0, 0, 0, -0.0489972903090281, 0.278233831901867, 
0.998416874281256, 0.173084812331442, 0.296757756159758, 0.347003628031887, 
-0.00276137494029336, 0.012959194758801, 0.00556677234946194, 
0.0025481397560657, 0.00206066205570691, 0.018416258489405, -0.00340357230319966, 
-0.00306270052525029, -0.00230294370526684, 0.00329183037292103, 
0.0015183472867012, 0.000717390524718292, 9.39477090930709e-05, 
-0.000331261254422188, -0.000352186412339034, 0.00192083943711139, 
-0.000793719555174533, -0.00144108664681825, -0.00158848350818608, 
0.00164712773790625, 7.91791144208111e-05, -5.69184941091608e-05, 
-8.74228734074613e-06, 5.20862208519892e-05, 4.03421535335134e-05, 
1.53903899731345e-05, -2.64407509954166e-05, -0.00018049727663984, 
-6.81398062536794e-05, -9.09968321371792e-05, 2.70404962962002e-06, 
-2.21708339735069e-06, 9.63913315330051e-07, 4.33586882945736e-07, 
5.54363519910593e-07, -2.45376722126139e-06, 1.70201015548409e-06, 
-7.31484047708887e-07, 1.01972353459797e-06, -1.83640963967328e-06, 
-0.00712976596351173, -0.000784331951405613, 0.00448063239026505, 
0.00314027418106308, 0.00293873506670964, 0.000707498780681371, 
0.00411205700650801, 0.00411466763547722, -0.000432215995302212, 
-0.0069212639642962, 0, 0, 0, 0, 0, 0, 0.698424240170536, 0.286208301624485, 
0.17308481234927, 0.999986826366435, 0.137207729982156, 0.17391963113773, 
-0.00276145986748768, 0.0129594730709691, 0.00556681486807799, 
0.00254825637635538, 0.00206075420467086, 0.0184164400694454, 
-0.00340349155971138, -0.00306256435745241, -0.00230272233283926, 
0.00329164327050967, -0.00152914646932919, -0.000723574024749217, 
-8.02421678314986e-05, 0.000323430863969281, 0.000352102705872163, 
-0.00191840038403013, 0.000806480832707445, 0.00143318194097139, 
0.0015176686996129, -0.00166801843001946, 7.91791147713901e-05, 
-5.6918496767329e-05, -8.74228607786242e-06, 5.20862188600893e-05, 
4.03421529278945e-05, 1.53903888492603e-05, -2.6440751010901e-05, 
-0.000180497274468687, -6.81398058789218e-05, -9.09968355830337e-05, 
-5.10378133788585e-06, 4.41536161023724e-06, -1.49855892999765e-06, 
-3.15425425793349e-07, -6.06710223510232e-07, 4.71613627872416e-06, 
-2.74949851389769e-06, 1.63415820420234e-06, -1.00646922366229e-06, 
2.43150593972677e-06, -0.00385063877206619, -0.000420997149587605, 
0.00242108343513363, 0.0016984190903981, 0.00158944356514906, 
0.000384580762314161, 0.00222437614285827, 0.00222753198015815, 
-0.000218584192521378, -0.00374487283366135, 0, 0, 0, 0, 0, 0, 
0.00954593849585864, 0.677128978693769, 0.296757756134206, 0.137207729980873, 
0.976930621738931, 0.297580443881959, 0.000754539572633972, 0.00636133645320624, 
0.00375155222983675, -0.000893014828403912, -0.000711533491927271, 
0.01285106961406, -0.00268161737603182, -0.00669631113845847, 
-0.0084564827819552, 0.00882716050089986, -0.00152914646928572, 
-0.000723574024728285, -8.02421678292807e-05, 0.000323430863959787, 
0.000352102705861951, -0.00191840038397498, 0.0008064808326839, 
0.00143318194093044, 0.00151766869956919, -0.00166801842997161, 
7.91363331594904e-05, -5.68918026536676e-05, -8.73153852144284e-06, 
5.21008534608496e-05, 4.03543592343825e-05, 1.54037685446884e-05, 
-2.64914096921597e-05, -0.000180485303379873, -6.81424500462787e-05, 
-9.10231332879357e-05, -4.62613585829273e-06, 3.85068726678356e-06, 
-1.56963353495849e-06, -6.17212312510437e-07, -8.39616837263582e-07, 
4.2196876712843e-06, -2.79797192462062e-06, 1.31428472907706e-06, 
-1.51882211591366e-06, 2.88611070031346e-06, 0.00712976270850685, 
0.000784322347726387, -0.00448063152720261, -0.00314028060822368, 
-0.00293873986137471, -0.000707507248602539, -0.00411205935608917, 
-0.00411466996637306, 0.000432211763390453, 0.00692127298599694, 
0, 0, 0, 0, 0, 0, -0.071588899762931, -0.0252905774299458, 0.347003628025632, 
0.17391963115065, 0.297580443869568, 0.999999999971616), dim = c(62L, 
62L))
